-5.364518366012872158e-02
7.878657430733373435e-01
9.150960290587399626e-02
3.017484927172224274e-01
1.461922064224879136e+00
3.693548697079841736e-02
4.022946054658084192e-01
6.255304392887105214e-02
7.478405518560109211e-02
3.299035498994912913e-02
-7.658434517778010819e-02
4.570881643684028550e-02
4.274263475967951531e-02
9.583835156007297629e-02
3.553480442343180667e-02
2.543392297868676821e-02
-4.935753066664763959e-04
-1.394119943734565929e-02
4.992446307258400356e-02
3.631773259939938964e-02
3.615052973379379031e-02
9.450414860997898708e-03
2.622140015532304844e-02
1.152551958310311930e-01
1.132286454891605620e-01
1.068673458354962164e-01
3.786844740234147910e-02
-1.383543946027282201e-01
5.301410162586967650e-02
-2.118719749205681679e-02
4.023264521325947696e-02
2.057069644078309695e-02
-1.360288069990374937e-01
3.142014977892471084e-02
3.470927513703844225e-01
4.486790332263158182e-02
-3.769906835625496111e-01
-9.234413912524997966e-04
4.241385912286372434e-02
-3.688019264734219982e-02
2.651466787662100713e-02
-3.164368195290792607e-02
5.971786510546943372e-02
-6.045148172289969805e-03
-2.817977760145813290e-02
-2.675014189888374333e-02
-1.273955872897728492e-01
8.940035422383651315e-03
6.398079306199400129e-02
7.158933083019704269e-02
6.996787061182135892e-02
8.619446051821280652e-02
4.456429273554222276e-02
2.563227842717374916e-02
4.348465186937899851e-02
1.506352388729340248e-02
3.046804346811273975e-02
-1.387337347107399921e-01
7.972039556233103189e-03
6.962930238624322199e-02
5.156762834327764666e-02
6.150289939983679538e-02
2.534589378902022544e-02
4.737037225038449872e-02
-6.166670134199978004e-02
3.052421039616783766e-02
4.996631496924455046e-02
5.086408157976467920e-02
3.743193152072916974e-02
5.219104412992944114e-02
3.826768361061689411e-02
3.247713899525338926e-02
3.885677069598425515e-02
4.498445065035742985e-02
3.009969065092634941e-02
5.109210371023814590e-02
3.776044619585335743e-02
3.783246609961316009e-02
4.220003355493574110e-02
1.750426495721787296e-02
3.789712933337495426e-02
3.282782830343188019e-02
1.367643306025846141e-02
4.143145340897860102e-02
3.186468071429306159e-02
2.093635654838444868e-02
4.312180870702897462e-02
3.434690365141213064e-02
3.836829222540877327e-02
2.430893015537949342e-02
3.639745793442510091e-02
3.848464443641234911e-02
4.043167334874896157e-02
3.923675855614922742e-02
5.289995695952969673e-02
3.061471793307733724e-02
4.240284624857136586e-02
4.200250567748794323e-02
3.415196350719268414e-02
3.160008465849374615e-02
3.328213536228953606e-02
2.402089670670228688e-02
3.002787684654077693e-02
-4.205299899701719912e-02
3.334463613447295055e-02
3.012009005369145273e-02
8.001353284662175713e-02
-4.218541117364390525e-01
-1.002574519495730287e-02
-1.554507919826829399e-01
6.948862658068990505e-01
4.685759751619903574e-02
-7.708645083618255456e-02
-1.225970468579972404e-03
-4.246939205384290400e-02
-1.000577705106170563e-02
-4.784700058255308974e-02
-4.538301914676322324e-03
-5.683533223076396579e-02
-3.864843025069777255e-02
-1.001277663830816775e-02
-3.184379200938835391e-02
-3.455801938530039114e-02
-3.819409742665239027e-02
-1.607107649825938525e-02
-1.136337159259526337e-02
-1.888646993319278294e-02
-3.242210831909574792e-02
-2.475666958587850741e-02
-1.989945285891712989e-02
-2.130449516625837134e-02
8.104291176036849953e-02
1.769958226840280882e-02
-7.892146143811061554e-02
4.388487665089844947e-02
-5.241300216007278162e-02
2.237320641434676835e-02
-3.912439738200334388e-02
-9.370839566594627024e-02
4.034849125337670980e-04
4.949347334516844554e-02
-1.731805228367652369e-02
-2.384755251277413113e-01
-3.529286099594674403e-02
-2.261921292318661708e-02
-4.684470835041108089e-02
-9.576696199025567721e-04
-5.213376625000003955e-02
1.728301751045768081e-02
-4.058509490061009556e-02
-4.315484109948929115e-02
-4.537449889370222256e-02
-9.476434371081841890e-02
-3.272521778811917498e-02
-2.185751490423665927e-02
-6.591141712876603248e-03
-4.990295036862319594e-02
-1.006243595344916142e-02
-4.014311485443572414e-02
-3.177906359764783029e-02
-6.905689075619246553e-02
-9.859507354519157080e-03
-2.307657053465243802e-02
-1.065983666940569369e-01
-2.548004364463352101e-02
5.685600874194830096e-02
-1.092375501337381101e-02
-8.075387757743066053e-03
-3.415962785381692485e-02
-7.578261906579935453e-03
-3.097261777208574346e-02
-1.947222431778367101e-04
-2.615424168245936154e-03
-5.019108989766608506e-03
-5.423176981127630567e-03
-2.330894532376163140e-03
-6.233015302607345168e-03
-1.166233803247649845e-03
-4.857497306408220528e-03
-1.787387291120882482e-03
-5.482692516816431829e-04
-2.467692286021865109e-03
-2.352302465277454711e-03
-2.360342172037722692e-03
-2.171842771196926848e-03
-1.000040428255314674e-02
-1.423069776150976068e-03
-9.884430641431145217e-04
-3.079423541219818605e-04
-4.175430441629460372e-03
-1.442700582559158784e-03
-1.549530824210703945e-04
-8.963008351777099160e-04
-2.049124173130988970e-03
-1.434639441465926455e-03
-8.794677475180526531e-04
-2.022955025826969622e-02
-2.216989912355202177e-03
-1.001552135293215864e-02
-2.191340470596211260e-03
-3.170526184423487232e-03
-1.476601717182644347e-03
-1.849728867689909642e-03
-5.102752611075014703e-03
-8.525338096162635073e-04
-4.594201599589889037e-03
-1.432245796154675999e-03
-1.011218275639158126e-03
-1.115205735700302301e-03
-1.385455929087542858e-02
-3.661029332861888332e-03
-4.422753841308332107e-04
-1.862784616950334884e-02
